26.42
146292
155316
176732
198116
219296
240736
262320
282404
304056
325768
345400
431052
434468
435260
435920
436712
437504
438164
438960
439752
440412
441204
441864
442656
443448
444240
444900
445692
446352
447144
447936
448596
449388
450180
450972
451632
452424
453216
454008
454800
455460
456252
457044
457704
458496
459292
459952
460744
461536
462328
463120
463912
464704
465496
466156
466948
467740
468532
469456
470248
471040
471964
472756
473548
474340
475136
475928
476588
477380
478172
478964
479628
480420
481212
481872
482664
483456
484248
484908
485700
486492
487284
488076
488736
512968
574240
634644
695220
754840
814576
872288
930436
988996
1043020
1103084
1145480
1179588
1214132
1217560
1217560
1217560
1218220
1219144
1219936
1222780
1222780
1222780
1222780
1222780
1222780
1222780
1222780
1223044
1223572
1223572
1224496
1225288
1226212
1227136
1227928
1228720
1229380
1230040
1230832
1231756
1232680
1233472
1234396
1235716
1236508
1237300
1238224
1239148
1239940
1240864
1241656
1242976
1243768
1244692
1245484
1246408
1247332
1248124
1248388
1248652
1249048
1255976
1285072
1285072
1285336
1286128
1287052
1287844
1288768
1289296
1289296
1289296
1289296
1301952
1302612
1303536
1304328
1305252
1306176
1306968
1307628
1307892
1307892
1316164
1316164
1316164
1316824
1317748
1318540
1319464
1319992
1321680
1325136
1325136
1325400
1326324
1327116
1328040
1328832
1330708
1333944
1333944
1333944
1334208
1335132
1335924
1336716
1338576
1339236
1340160
1340952
1341876
1342800
1343592
1343856
1344252
1365436
1365436
1365436
1365436
1365436
1366360
1367284
1367680
1367680
1367812
1386024
1386024
1386024
1386024
1386288
1387212
1388136
1388796
1388796
1388796
1404016
1404016
1404016
1404016
1404016
1404016
1404808
1405336
1405336
1416724
1416724
1416724
1416724
1416724
1416724
1417384
1418044
1418176
1425416
1425416
1425416
1425548
1426472
1427264
1428056
1428320
1431900
1432560
1433352
1434276
1435200
1435992
1436784
1436916
1451828
1451828
1451828
1451828
1451828
1451828
1452752
1452884
1452884
1466980
1466980
1467508
1468432
1469356
1470280
1471072
1471468
1471468
1484840
1483816
1484740
1485664
1486456
1487380
1488304
1488832
1488832
1500732
1502604
1502604
1502604
1502604
1502604
1503264
1503924
1503924
1511416
1511812
1512736
1513660
1514452
1515376
1516168
1516564
1524472
1524472
1524472
1524472
1524868
1525792
1526716
1526980
1538484
1538484
1538484
1538484
1538484
1538880
1539804
1540200
1540200
1553748
1553748
1553748
1553748
1554276
1555200
1555992
1555992
1561596
1568036
1568300
1569224
1570148
1571072
1571864
1572524
1572524
1583396
1583396
1584320
1585244
1586036
1586960
1587884
1588280
1588280
1596908
1597832
1598756
1599680
1600472
1601396
1602188
1602320
1612276
1612276
1612276
1612276
1612540
1613332
1614256
1614388
1626832
1626832
1626832
1626832
1626832
1626832
1626832
1627096
1633416
1639512
1639512
1639512
1639512
1640040
1640832
1641228
1641228
1653584
1653584
1653584
1653980
1654904
1655828
1656488
1656488
1669496
1669496
1669496
1669496
1669892
1670816
1671740
1671872
1673940
1683016
1683016
1683412
1684336
1685128
1686052
1686580
1686580
1699324
1699324
1699324
1699324
1699324
1699324
1699984
1699984
1710464
1710464
1710464
1710464
1711256
1712180
1712840
1712840
1721368
1722028
1722952
1723876
1724800
1725592
1726252
1726252
1737208
1737208
1737208
1738132
1738924
1739848
1740640
1740640
1750088
1751012
1751936
1752860
1753652
1754576
1755368
1755368
1766784
1766784
1766784
1767312
1768236
1769160
1769952
1770084
1781928
1781928
1781928
1781928
1782060
1782984
1783776
1784040
1793092
1793092
1793752
1794676
1795600
1796392
1797316
1797316
1808736
1808736
1808736
1808736
1809000
1809924
1810716
1810716
1819956
1820352
1821144
1822068
1822992
1823916
1824444
1824444
1838144
1838144
1838144
1838144
1838144
1838144
1838672
1838672
1849700
1849700
1849964
1850888
1851812
1852604
1853000
1859488
1862440
1863364
1864156
1865080
1866004
1866796
1867060
1878392
1881016
1881016
1881016
1881016
1881016
1881016
1881016
1890508
1890508
1890904
1891828
1892752
1893676
1894204
1894204
1908612
1908612
1908612
1908612
1908612
1908612
1908612
1914468
1921916
1921916
1921916
1921916
1921916
1921916
1921916
1935336
1935336
1935336
1935336
1935336
1935336
1935468
1935468
1945276
1945672
1946464
1947388
1948312
1949236
1949500
1959140
1961760
1961760
1961760
1961760
1962420
1963212
1963212
1977552
1977552
1977552
1977552
1977552
1977552
1977552
1984008
1989388
1989388
1989388
1989388
1989388
1990180
1990180
2005032
2005032
2005032
2005032
2005032
2005032
2005032
2013964
2018608
2018608
2018608
2018608
2018608
2018608
2018608
2027852
2027852
2028248
2029172
2030096
2030888
2031152
2041608
2041608
2041608
2042532
2043456
2044248
2044776
2047248
2057328
2057328
2057328
2057328
2057592
2058384
2058384
2071296
2071296
2071296
2071296
2071296
2071560
2071824
2082116
2082116
2082116
2083040
2083832
2084756
2085152
2090436
2098252
2098252
2098252
2098252
2098252
2098648
2098648
2111384
2111384
2111384
2111384
2111384
2112176
2112176
2121304
2122228
2123020
2123944
2124868
2125660
2125792
2139028
2139028
2139028
2139028
2139028
2139028
2139292
2149640
2149640
2149772
2150564
2151488
2152412
2152676
2161000
2162048
2162972
2163896
2164688
2165612
2166008
2174292
2175324
2176248
2177040
2177964
2178888
2179416
2189824
2192732
2192732
2192732
2192732
2192732
2192732
2200536
2208428
2208428
2208428
2208428
2208428
2208428
2213912
2221788
2221788
2221788
2221788
2221788
2221788
2230076
2232952
2232952
2232952
2232952
2232952
2232952
2238132
2248632
2248632
2248632
2248632
2248632
2248632
2254360
2256964
2256964
2257096
2258020
2258944
2259208
2267772
2268696
2269620
2270544
2271336
2272260
2272524
2283652
2283652
2283652
2283916
2284708
2285632
2285632
2299140
2299140
2299140
2299140
2299140
2299140
2299140
2310060
2310060
2310060
2310588
2311512
2312040
2323112
2323276
2323276
2323276
2323936
2324860
2325256
2336444
2336444
2336444
2336444
2337368
2338160
2338292
2352088
2352088
2352088
2352088
2352088
2352088
2352088
2365792
2365792
2365792
2365792
2365792
2365792
2373492
2374020
2374812
2375736
2376660
2377452
2377584
2389288
2389288
2389288
2389288
2390080
2390740
2393480
2399960
2400752
2401676
2402600
2403524
2403788
2414888
2414888
2414888
2415152
2415944
2416736
2416736
2430836
2430836
2430836
2430836
2430836
2430836
2444424
2444424
2444424
2444424
2444424
2444424
2444424
2452388
2452652
2453444
2454368
2455292
2455688
2467960
2465148
2465940
2466732
2467656
2468580
2468580
2478092
2478488
2479412
2480204
2481128
2481524
2491184
2491184
2491844
2492768
2493692
2494484
2497332
2506568
2506568
2506568
2506568
2507096
2507360
2516584
2516980
2517904
2518828
2519752
2520148
2529428
2529560
2530484
2531408
2532332
2532992
2535944
2548432
2548432
2548432
2548432
2548432
2548432
2558368
2558368
2558368
2558368
2558368
2558632
2570980
2570980
2570980
2570980
2570980
2571376
2583768
2583768
2583768
2583768
2583768
2584164
2596688
2600048
2600048
2600048
2600048
2600048
2600164
2606868
2607000
2607792
2608716
2609640
2609640
2619388
2619520
2620444
2621368
2622160
2622292
2632080
2632212
2633004
2633928
2634852
2634984
2644556
2644820
2645612
2646536
2647460
2647592
2660236
2660236
2660236
2660236
2660236
2660236
2670216
2670216
2670876
2671800
2672724
2672856
2685884
2685884
2685884
2685884
2685884
2685884
2695408
2695408
2696200
2697124
2697916
2698048
2707800
2707932
2708856
2709648
2710572
2710572
2720344
2720608
2721400
2722324
2723116
2726264
2735992
2735992
2735992
2735992
2735992
2745388
2751656
2751656
2751656
2751656
2751656
2758260
2758260
2758524
2759448
2760372
2760636
2777044
2777044
2777044
2777044
2777044
2777044
2783732
2783732
2783864
2784788
2785448
2798424
2795412
2795676
2796600
2797392
2797920
2814608
2814608
2814608
2814608
2814608
2814608
2820596
2820596
2820992
2821916
2822576
2832380
2839432
2839432
2839432
2839432
2839432
2849296
2849296
2849296
2849296
2849296
2849296
2858008
2858008
2858140
2859064
2859592
2870320
2870320
2870320
2870848
2871772
2871904
2882416
2882416
2882680
2883604
2884132
2897996
2897996
2897996
2897996
2897996
2897996
2907688
2907688
2907688
2908084
2908612
2922308
2922308
2922308
2922308
2922308
2922308
2939008
2939008
2939008
2939008
2939008
2947480
2947480
2947480
2947480
2947480
2959308
2956472
2956472
2956472
2957264
2957396
2971448
2971448
2971448
2971448
2971448
2987008
2987008
2987008
2987008
2987008
2992668
2992668
2992668
2992800
2993724
2997488
3011624
3011624
3011624
3011624
3011624
3016812
3016812
3016812
3017472
3017868
3029240
3029240
3029240
3029372
3029900
3047860
3047860
3047860
3047860
3047860
3053088
3053088
3053088
3053088
3053880
3064672
3068588
3068588
3068588
3068588
3069756
3077228
3077228
3077228
3077756
3084920
3089360
3089360
3089360
3089756
3097044
3108576
3108576
3108576
3108576
3105292
3120140
3120140
3120140
3120140
3117316
3128484
3128484
3128484
3128484
3132912
3140916
3140916
3140916
3140916
3145444
3149352
3149352
3149352
3149352
3168060
3168060
3168060
3168060
3168060
3179904
3179904
3179904
3179904
3179904
3184216
3184216
3184216
3184216
3184480
3195984
3195984
3195984
3196248
3207288
3214908
3214908
3214908
3214908
3219828
3219828
3219828
3219828
3219828
3238960
3238960
3238960
3238960
3238960
3247132
3247132
3247132
3247132
3251348
3255260
3255260
3255260
3255260
3267304
3267304
3267304
3267304
3270356
3278528
3278528
3278528
3278528
3294164
3294164
3294164
3294164
3294164
3305408
3305408
3305408
3305408
3312924
3312924
3312924
3312924
3312924
3321628
3322552
3323476
3324136
3343488
3343488
3343488
3343488
3347412
3351724
3351724
3351724
3351724
3363732
3363732
3363732
3363732
3371000
3371000
3371000
3371000
3371000
3379272
3380064
3380856
3381384
3397596
3397596
3397596
3397596
3405848
3405848
3405848
3405848
3408472
3416676
3416676
3416676
3416676
3431640
3431640
3431640
3431640
3443200
3443200
3443200
3443200
3454552
3454552
3454552
3454552
3466072
3466072
3466072
3466072
3473548
3473556
3473556
3473556
3480272
3484832
3484832
3484832
3491512
3492496
3493420
3494344
3498716
3511204
3511204
3511204
3511204
3522632
3522632
3522632
3522632
3526112
3527036
3527960
3540512
3544656
3544656
3544656
3551716
3556212
3556212
3556212
3559088
3563228
3563228
3563228
3574904
3574904
3574904
3574904
3585628
3585628
3585628
3585628
3592716
3593508
3594432
3594696
3603888
3604680
3605736
3618440
3618800
3618800
3618800
3629816
3629816
3629816
3629816
3640996
3640996
3640996
3647508
3656404
3656404
3656404
3667380
3667380
3667380
3667380
3673684
3673684
3673684
3689068
3680880
3681804
3682332
3695684
3695684
3695684
3697956
3702544
3703468
3704128
3721564
3721564
3721564
3723884
3732596
3732596
3732596
3734876
3735536
3736460
3745656
3745920
3746844
3747240
3765024
3765024
3765024
3771948
3771948
3771948
3778244
3782672
3782672
3787096
3793580
3793580
3793580
3808348
3808348
3808348
3810668
3810668
3811328
3820552
3825044
3825044
3826884
3836232
3836232
3836232
3846472
3846472
3846472
3861784
3861784
3861784
3872368
3872368
3872368
3883128
3883128
3883128
3884164
3884428
3885352
3894652
3894916
3895840
3910108
3910108
3910108
3920584
3920584
3920584
3935668
3935668
3935668
3937192
3937192
3937588
3947036
3947432
3947960
3957976
3957976
3967720
3972824
3972824
3983736
3983736
3983736
3993700
3993700
3993700
4008928
4008928
4009432
4019236
4019236
4019820
4019820
4020084
4034832
4034832
4040084
4045072
4045072
4060464
4060464
4060464
4070664
4070664
4080852
4080852
4080852
4081708
4081708
4091824
4091824
4091824
4101916
4101916
4117256
4117256
4117592
4127884
4127884
4133016
4133016
4148156
4148156
4153100
4153408
4153408
4173872
4173872
4184420
4184420
4179552
4184548
4194576
4199668
4199668
4211640
4211640
4217076
4217076
4227680
4227680
4243160
4243160
4253744
4253744
4254192
4254192
4271512
4271512
4277300
4277300
4288160
4288160
4293608
4293608
4304992
4304992
4315808
4315808
4321392
4326736
4331956
4349224
4349224
4360528
4360528
4355732
4366876
4372580
4378520
4378520
4389612
4396220
4401536
4412700
4407376
4423788
4429572
4424356
4446224
4441156
4457620
4452764
4469388
4475012
4475020
4486020
4503208
4497828
4503304
4520288
4520508
4527016
4544168
4538648
4544644
4556220
4567748
4579300
4590836
4591688
4603396
4615232
4627104
4633100
4645332
4651292
4669292
4675504
4693332
4705172
4710976
4710976
4710976
4710976
4710976
4710976
4710976
4710976
4710976
4710976
4710976
