6,15
146252
167892
189160
210240
231260
279892
288352
289804
291124
292576
294028
295480
297064
298516
299836
306412
365780
424148
482428
539392
594656
626620
634132
635980
635980
636244
637432
638752
640468
642316
644032
645880
647332
657484
666076
667396
674880
675276
676332
680596
682048
684516
686232
688392
689976
692256
693444
703208
704792
714420
714420
715080
722480
723140
727880
728936
732072
733656
736712
737900
743980
745564
753456
754116
757416
762004
763192
769060
770380
774668
776252
779672
781256
786276
787596
794204
795128
801032
802748
809092
810016
816288
817200
819664
822216
828160
828424
831972
835072
836984
842284
843340
849832
850756
857020
857680
863332
864124
869444
870236
875928
876720
883140
883536
890188
890716
896368
897688
903356
904280
909528
910716
917436
918456
922832
925908
930464
934056
936544
943164
943312
950144
950144
955716
956640
961620
963336
968424
970008
975140
976724
984088
984088
988932
990120
995552
998828
1002236
1007992
1009048
1014556
1015744
1021820
1022480
1029272
1029272
1035376
1035508
1041864
1046160
1047856
1054220
1054748
1061232
1061364
1067364
1067760
1074360
1080768
1080768
1085984
1087040
1092936
1093464
1100372
1105184
1106412
1112780
1112780
1117904
1122932
1126044
1131316
1131580
1136672
1139208
1143656
1149748
1150408
1156040
1156700
1162884
1170268
1170268
1177100
1180172
1183356
1187768
1188032
1193544
1201572
1201572
1208352
1210936
1212636
1219392
1219392
1226828
1232776
1232776
1237596
1245136
1245136
1251848
1254704
1256108
1262884
1266880
1268000
1275804
1277548
1280084
1286952
1288276
1294648
1299632
1302168
1305132
1313012
1317784
1317784
1323444
1330592
1330592
1335836
1343144
1343144
1346456
1353408
1356184
1361100
1365776
1371128
1371128
1377296
1384708
1387880
1388408
1395536
1401720
1405092
1408560
1414628
1417296
1420952
1423472
1430212
1435172
1436896
1441884
1446824
1452064
1460960
1460960
1465828
1473080
1475320
1479212
1482764
1486900
1494624
1498852
1505892
1505892
1511788
1515908
1523136
1528700
1530880
1534372
1540036
1543684
1550008
1554348
1562944
1568572
1568580
1574176
1577964
1585708
1590900
1596648
1602212
1604236
1609608
1618624
1621952
1624320
1629816
1635312
1638916
1646656
1651752
1657380
1662800
1665184
1671728
1679260
1682552
1687924
1695248
1698652
1706336
1711320
1716848
1722200
1728480
1733888
1743388
1748676
1751912
1755536
1762428
1767840
1777832
1781556
1790372
1796136
1799024
1804180
1814464
1822100
1825104
1832196
1838080
1843264
1852360
1861048
1865552
1868928
1881140
1883732
1893700
1900920
1908376
1916120
1923688
1928600
1938952
1944196
1956868
1967700
1968420
1979448
1990152
2000980
2009224
2020168
2023616
2037144
2047828
2055828
2065056
2075996
2089080
2103376
2114940
2123980
2140744
2153068
2161276
2161276
2161276
2161276
2161276
